5
-14 12 -16 19 6 
-7 -5 15 -19 19 
-10 8 -3 16 -3 
0 -1 -2 -1 -13 
16 -17 17 -11 -19 
9 -2 19 15 8 
-3 19 -9 -14 -1 
2 -3 20 17 13 
16 8 -18 -14 18 
-10 12 -17 5 11 
-15 -13 4 4 -10 
-1 6 -12 4 11 
-11 9 15 -1 -17 
15 -13 2 -8 10 
19 -5 -1 3 10 
1 -6 0 10 -8 
-14 -9 -6 18 14 
4 8 16 17 20 
-12 18 -11 -10 -20 
4 10 2 16 -13 
-17 -3 8 -10 16 
11 -9 -6 -19 4 
-15 7 -11 -16 2 
20 -13 -13 5 3 
3 -18 2 -5 -4 
9 8 -13 -3 -9 
-2 7 20 -11 -16 
10 -8 2 10 -2 
18 -7 0 -5 16 
-18 18 8 8 -17 
8 8 12 -17 -14 
16 9 -10 12 19 
-9 14 -16 -9 -18 
-1 1 5 13 2 
-2 -4 -15 -16 4 
11 -19 7 -3 6 
-3 -5 -16 -8 -9 
-15 19 7 -14 1 
-7 9 -14 13 -20 
-12 17 -20 8 6 
-14 17 -17 -14 4 
5 5 1 7 20 
-14 -16 -11 -16 14 
19 17 -20 -15 0 
-9 -12 -16 -1 10 
8 -14 -5 -18 4 
-10 14 15 15 15 
-6 2 13 -4 8 
18 14 12 14 10 
8 16 -4 -15 -6 
